12:12
017 000 017 000 017 000 017 000 017 000 017 000
000 000 000 000 000 000 000 000 000 000 000 000
017 000 017 000 017 000 017 000 017 000 017 000
000 000 000 000 000 000 000 000 000 000 000 000
017 000 017 000 017 000 017 000 017 000 017 000
000 000 000 000 000 000 000 000 000 000 000 000
017 000 017 000 017 000 017 000 017 000 017 000
000 000 000 000 000 000 000 000 000 000 000 000
017 000 017 000 017 000 017 000 017 000 017 000
000 000 000 000 000 000 000 000 000 000 000 000
017 000 017 000 017 000 017 000 017 000 017 000
000 000 000 000 000 000 000 000 000 000 000 000